01000000000000000000000000001011
00001000000000000000000000000001
01100000000000000000000000000000
01000000000000000000000000000001
10001000000000000000000000000000
00001000000000000000000000000010
01000000000000000000000000000001
10101000000000000000000000000000
00101000000000000000000000010001
01001000000000000000000000000010
10100000000000000000000000000000
00101000000000000000000000001111
01001000000000000000000000000001
01001000000000000000000000000010
00100000000000000000000000000011
01000000000000000000000000000000
00100000000000000000000000010010
01000000000000000000000000000001
01100000000000000000000000000000
